%YAML:1.0
cameraMatrix: !!opencv-matrix
   rows: 3
   cols: 3
   dt: d
   data: [ 1850,0,800,
            0,1850,600,
            0,0,1 ]
matP: !!opencv-matrix
   rows: 8
   cols: 3
   dt: f
   data: [ -1.55e+000, 1.25e+000, 5.0,
           -1.55e+000, 1.25e+000, 10.,
           -1.55e+000, 1.25e+000, 15.,
           -1.55e+000, 1.25e+000, 20., 
            2.0e+000, 1.25e+000, 5.0,
            2.0e+000, 1.25e+000, 10., 
            2.0e+000, 1.25e+000, 15.,
            2.0e+000, 1.25e+000, 20.]
matUndistortedPoints: !!opencv-matrix
   rows: 8
   cols: 2
   dt: f
   data: [ 307.,  836., 
           559.,  608., 
           646.,  530., 
           696.,  490., 
           1540.,  755.,
           1197., 564., 
           1078., 498., 
           1019., 465. ]
T0: !!opencv-matrix
   rows: 1
   cols: 3
   dt: d
   data: [ 0,0,-1.3 ]
ImuData: !!opencv-matrix
   rows: 1
   cols: 6
   dt: d
   data: [ 129.762,1.142,-0.124,30.4094184,114.4425372,19.85 ]
CalibHeading: !!opencv-matrix
   rows: 1
   cols: 1
   dt: d
   data: [ 129.762 ]
m_RefHight2Ground: !!opencv-matrix
   rows: 1
   cols: 1
   dt: d
   data: [ 1.42 ]