%YAML:1.0
TraficLight0: !!opencv-matrix
   rows: 1
   cols: 6
   dt: d
   data: [ 0,30.4083873,114.4428437,21.94,1,1 ]
