%YAML:1.0
LidarTicks: !!opencv-matrix
   rows: 1
   cols: 200
   dt: i
   data: [ 1600, 1584, 1568, 1552, 1536, 1520, 1504, 1488, 1472, 1456,
       1440, 1424, 1408, 1392, 1376, 1360, 1344, 1328, 1312, 1296, 1280,
       1264, 1248, 1232, 1216, 1200, 1184, 1168, 1152, 1136, 1120, 1104,
       1088, 1072, 1056, 1040, 1024, 1008, 992, 976, 960, 944, 928, 912,
       896, 880, 864, 848, 832, 816, 800, 784, 768, 752, 736, 720, 704,
       688, 672, 656, 640, 624, 608, 592, 576, 560, 544, 528, 512, 496,
       480, 464, 448, 432, 416, 400, 384, 368, 352, 336, 320, 304, 288,
       272, 256, 240, 224, 208, 192, 176, 160, 144, 128, 112, 96, 80, 64,
       48, 32, 16, 0, -16, -32, -48, -64, -80, -96, -112, -128, -144,
       -160, -176, -192, -208, -224, -240, -256, -272, -288, -304, -320,
       -336, -352, -368, -384, -400, -416, -432, -448, -464, -480, -496,
       -512, -528, -544, -560, -576, -592, -608, -624, -640, -656, -672,
       -688, -704, -720, -736, -752, -768, -784, -800, -816, -832, -848,
       -864, -880, -896, -912, -928, -944, -960, -976, -992, -1008,
       -1024, -1040, -1056, -1072, -1088, -1104, -1120, -1136, -1152,
       -1168, -1184, -1200, -1216, -1232, -1248, -1264, -1280, -1296,
       -1312, -1328, -1344, -1360, -1376, -1392, -1408, -1424, -1440,
       -1456, -1472, -1488, -1504, -1520, -1536, -1552, -1568, -1584 ]
