%YAML:1.0
NaviObjectList: !!opencv-matrix
   rows: 1
   cols: 6
   dt: d
   data: [ 30.4083873,114.4428437,21.94,6,0,0,
30.4083873,114.4428437,21.94,7,0,0 ]
