%YAML:1.0
NaviObjectList: !!opencv-matrix
   rows: 21
   cols: 7
   dt: d
   data: [ 0, 39.6422505, 116.6518190, 0.0, 8, 0 ,0,
           1, 39.6422099, 116.6518370, 0.0, 8, 0 ,0,
           2, 39.6425331, 116.6526856, 0.0, 8, 0 ,0,
           3, 39.6425782, 116.6526662, 0.0, 8, 0 ,0,
           4, 39.6433270, 116.6557972, 0.0, 8, 0 ,0,
           5, 39.6433705, 116.6557767, 0.0, 8, 0 ,0,
           6, 39.6436887, 116.6565878, 0.0, 8, 0 ,0,
           7, 39.6436456, 116.6566127, 0.0, 8, 0 ,0,
           8, 39.6439456, 116.6560226, 0.0, 8, 0 ,0,
           9, 39.6427145, 116.6521316, 0.0, 8, 0 ,0,
           10, 39.6442999, 116.6603180, 0.0, 8, 0 ,0,
           11, 39.6443321, 116.6603212, 0.0, 8, 0 ,0,
           12, 39.6444812, 116.6611021, 0.0, 8, 0 ,0,
           13, 39.6444466, 116.6611045, 0.0, 8, 0 ,0,
           14, 39.6438553, 116.6560916, 0.0, 8, 0 ,0,
           15, 39.6487758, 116.6629334, 0.0, 7, 0 ,0,
           16, 39.6490300, 116.6637492, 7.0, 6, 15 ,0,
           17, 39.6513487, 116.6620090, 0.0, 300, 20 ,0,
           18, 39.6515393, 116.6617275, 0.0, 300, 20 ,0,
           19, 39.6513458, 116.6615105, 0.0, 300, 20 ,0,
           20, 39.6511692, 116.6616624, 0.0, 300, 20 ,0]